1812
1843
2068
2458
3358
3368
3970
4090
4144
4652
5062
6354
6869
6982
7026
7568
8295
8375
8380
9379
9461
9727
9956
10207
10389
11404
11404
11775
12117
12118
12153
12612
12892
13209
13405
13493
13855
14007
14129
14367
14508
15413
16060
16173
16246
16336
16981
17311
17481
18297
18589
18752
19720
20849
20953
21152
21258
21636
21651
22085
22101
22312
22433
23117
24098
24280
24716
24738
24839
26102
26970
27061
27328
28191
28558
28699
30398
31161
32576
32638
